 18446744073709551615
 18446744073709551615
 0
 0
 0
 18446744073709551615
 0
 0
 18446744073709551615
 0
 18446744073709551615
 0
 18446744073709551615
 0
 17361641481138401520
 1085102592571150095
 18446744073709551615
 0
 18446744073709551615
 0
 18446744073709551615
 0
 0
 18446744073709551615
 18446744073709551615
 0
 18446744073709551615
 0
 18446744073709551615
 0
 12297829382473034410
 6148914691236517205
 0
 0
 0
 18446744073709551615
 18446744073709551615
 18446744073709551615
 18446744073709551615
 18446744073709551615
