 0
 0
 -8767362558050662587
 -8608338741306300637
 -8572772162373029529
 -7460738125080930798
 -3223056395040115630
 -3196159213339335612
 -994074610793901418
 -791750326163802657
 0
 5
 305460805
 686537483336626945
 1311765973054158096
 1311768465459462979
 2541551403401356374
 2541551405127303040
 4981901995664671011
 4981901995664671011
 5035905316144120454
 6230740561304883959
 8687536256945492701
 0
 5
 305460805
 686537483336626945
 1311765973054158096
 1311768465459462979
 2541551403401356374
 2541551405127303040
 4981901995664671011
 4981901995664671011
 5035905316144120454
 6230740561304883959
 8687536256945492701
 9679381515658889029
 9838405332403250979
 9873971911336522087
 10986005948628620818
 15223687678669435986
 15250584860370216004
 17452669462915650198
 17654993747545748959
